19
953 190
23556 55487 33393 18302 32316 2295 63103 66755 67832 50507 32206 47996 27148 25435 88554 64010 59445 31786 94979 69271 73962 99485 6391 88708 19822 21445 2984 55601 46865 38132 66247 19783 30327 43896 74716 47330 70272 45774 60267 47408 13634 63293 55977 62298 78158 70529 42198 10207 27913 55789 3456 98126 24500 20394 93990 73458 66916 65213 76576 50895 51818 67713 39262 68494 4147 76296 15714 57355 76374 83780 32539 83137 3939 17159 13459 38151 2036 17045 39962 24072 70758 26736 70486 21735 82581 74231 64468 73288 53644 18103 75881 87950 64885 38839 88198 82146 84438 94227 88761 2513 44348 36627 8634 9137 55507 39748 85242 41533 19798 54829 12507 27523 37647 26756 47822 93795 9174 16222 42872 92569 74371 28910 97806 8016 96114 90924 98933 87078 60887 89077 22417 23102 66694 20172 42078 16386 16875 81608 52672 5062 51972 11370 79546 97036 87899 21409 95522 61767 83871 18549 24597 33325 52783 97253 5579 22368 23114 10609 20969 83975 32717 35682 63762 94356 78340 97863 19888 18487 67907 42369 57927 2441 14621 71446 14529 4414 68927 36725 94514 53551 43142 85413 82362 78492 18717 61085 20509 27866 47935 43189 
298 366
84578 50023 51566 21786 84440 47996 87866 61757 86350 94081 63137 76912 39007 87867 64935 33726 61321 82255 47915 36339 46959 31001 79350 82701 41800 94278 47294 66574 77845 50500 19651 63448 22798 55497 27804 17221 33419 8463 20059 42227 66290 16141 53628 88148 443 83537 33317 9407 76356 64947 63988 30243 94754 62671 78068 85197 35491 63628 66533 99738 7191 33894 34051 9061 41520 24971 93165 49393 77958 16352 2963 82989 79111 98772 50273 99838 65301 35349 51476 28699 7997 28236 85507 58171 11957 66810 52801 68520 83524 85742 27683 91153 71544 79250 63130 67415 7938 3601 3040 25373 4581 16771 52028 90320 34244 63086 11466 78080 87298 20889 13274 94951 70551 58454 382 49177 73924 70707 33619 64714 45050 39026 41306 83282 28124 9774 70680 90892 96019 30614 86072 38457 75171 46724 10091 65179 37733 13884 47290 86161 42400 86268 13519 23913 78263 58376 96151 85359 46165 97775 46704 73773 36944 23338 1893 65277 51742 70557 57566 82095 59853 22867 37282 48300 55109 14756 70542 69967 53674 86347 5728 37556 12452 91767 42577 11018 50851 14931 16904 99542 3949 80340 45736 84713 50529 2214 52546 7286 68743 67953 47935 73239 72897 469 94490 34546 23079 69113 60415 93535 1144 75207 81411 93873 18551 29802 70003 10501 61062 34336 82227 4437 81064 1194 90556 27583 81914 48968 32557 26302 80263 55121 33006 82875 4511 41842 64707 3223 93312 60766 46881 30612 7488 53573 75765 21524 42396 57126 21955 62828 13268 33394 36471 42310 3073 93648 29678 91984 41860 13822 7150 5306 47960 89109 7437 2609 81339 87865 83412 85681 9445 66929 26921 73394 9474 40293 18292 54148 67893 72987 31914 32198 40392 70864 27220 98432 53222 4127 94604 98727 94635 5723 88288 20479 79914 73343 89235 58597 32921 83709 73318 29892 24545 12958 23656 80603 92774 51346 70010 8883 92747 26360 83456 19233 16538 66899 98547 45414 90985 30194 33671 77319 10522 92347 14335 64176 13802 18918 89996 64421 84528 29141 16306 49312 308 1539 98276 34689 76882 45502 90030 84014 10624 35453 61199 92295 59095 21978 95481 99972 90420 67668 26687 70704 83109 34343 98927 25549 15279 83672 6608 20412 28504 37535 45909 98790 36752 83268 19509 90723 8923 61886 87697 24181 62145 7408 
264 177
86761 45546 576 82009 8296 69257 24606 92830 74704 24518 23999 14304 76994 80708 68410 63457 34708 36164 2400 38550 49080 3400 74610 64935 46139 1603 52338 35844 37857 53518 76954 15802 46511 25422 10289 15163 33886 92888 5549 5906 96414 49272 74143 54353 74083 63754 45802 88017 35444 57856 56550 39321 81023 366 52664 24076 31139 44384 58743 57054 75515 36923 44053 37943 13745 80402 85610 66619 12312 27713 32956 60146 68238 83897 30249 85302 90143 57972 71654 36330 91735 46546 58526 33543 55819 85812 2236 43639 27023 31482 52149 65574 59623 46999 1622 43008 46314 91833 32498 78206 31465 41643 59834 19851 54898 60957 73915 81286 88608 73145 67581 48393 59454 17927 73026 84637 37429 73480 76560 87062 87673 70949 74305 93964 4713 61418 5215 57810 49258 74670 25645 80153 60331 45237 50699 94621 1007 81318 80234 47841 74040 66952 11611 55337 85647 33426 96331 20524 60451 50429 32438 91231 46099 59904 70506 77365 93173 24576 21546 5526 80131 20551 96840 30200 10214 24246 50280 61149 15520 75065 17331 63539 52918 52081 91418 33161 90599 
253 168
65599 30252 99359 1720 59137 1134 70278 92211 43465 65226 77047 94755 48292 57962 36811 62578 38432 56212 45277 59217 74656 67649 74365 13179 14689 20704 80533 33480 76259 91042 8548 51001 74252 27475 8081 49272 69828 62927 44903 71393 24364 62342 8629 3581 69856 29016 14986 34580 78393 97254 71836 37398 42987 15372 18643 72142 57421 38361 59812 44053 84778 30952 88662 3019 61374 14199 46379 76545 39141 18631 67515 34568 45939 87534 27072 92814 71273 66818 28378 4595 25779 73384 22901 18246 15383 92931 64389 20449 82538 44641 46856 91447 92514 39767 50961 88140 48329 48102 33927 27376 49362 88177 2168 22259 15417 78070 18975 84172 7096 66374 4568 97733 93698 40352 41148 3258 38075 9627 24783 25334 76275 99423 60486 2837 58626 90603 9774 29995 11667 69799 75193 2747 62981 62174 53060 53377 81257 34443 12171 77992 24583 3110 48809 32307 79880 55437 70557 19898 83463 27270 12694 52312 77593 82560 59033 24129 28513 63343 65029 41555 7198 25911 71035 83909 10405 19022 23807 13205 
594 167
77811 24856 95675 8910 1968 13423 94120 99743 52301 1667 25255 54035 18435 68634 94007 21682 94633 17932 6181 58851 72829 18504 11379 61321 86360 63867 60881 47755 65898 82351 84312 67930 92275 28198 29339 96113 28216 90023 50310 1116 35999 20268 23797 21533 20404 45335 33848 59042 81581 12199 97000 1932 66330 59966 37433 61977 90045 61469 95792 14783 3123 13144 37303 97028 56314 32342 99738 30108 12923 29197 30973 76545 42607 27713 45910 82212 91735 92244 8702 47132 12326 5887 72382 99093 25427 77113 34525 99765 93098 97668 22546 24110 60819 30370 17564 20269 55712 77762 87421 92386 24457 86513 72893 52188 79587 22653 94022 23921 33437 69038 59595 22294 2793 67752 98941 80022 19944 9032 16578 11482 61864 38400 25491 5438 81293 40558 96855 67346 24262 80476 76102 9011 35158 57863 34439 36465 16882 94069 76390 19119 99914 23560 65179 43114 98246 82340 28204 5067 82490 21981 1475 21409 717 19848 96655 26764 63283 78925 11999 77741 9601 3133 72299 13035 56629 15688 64700 
475 326
48755 74594 30100 49998 35409 54764 72788 18329 87814 41594 50977 95753 28151 41377 7746 99608 75322 63137 63509 53294 19335 79260 67649 46376 92924 2027 69377 34670 46820 6132 37809 53598 83739 72475 72945 64920 10923 62025 51912 87738 62184 84378 26143 63962 99136 11211 73270 25170 62945 15198 12653 59413 93785 77157 84793 82391 96909 62860 48071 89612 21721 43449 98279 52577 89839 72142 86194 18548 71224 25256 88066 57870 84778 88422 41677 34568 81763 31141 79381 13148 69294 11585 53425 50425 95043 41131 44156 23378 21735 96438 51364 24358 74155 40920 50071 67839 85304 92164 75956 99554 4023 75954 51023 16581 49700 53897 46965 86513 22964 56120 80798 75339 93459 30837 53243 9329 85881 42688 53738 32469 61744 42373 55357 83923 89449 32197 86305 68865 51668 54624 88535 46788 8899 22278 30712 27973 33823 50057 74612 41424 26395 46672 86294 99679 2026 94055 21325 60035 46381 95006 30146 81829 6118 21234 46754 51887 36229 62815 1658 92683 6037 82121 62204 92819 76993 97710 28146 47098 49597 4160 22020 87643 42819 56578 18487 50464 91439 54359 79784 93917 6459 75637 65155 90670 67907 90941 39666 52968 55551 13205 61071 61715 83568 12223 27305 54173 11843 1553 59746 53148 58734 41269 2905 21564 11097 13874 61946 45422 92951 28719 78679 35467 10701 40238 34181 6431 549 38691 47183 49845 4458 72188 2412 65775 97048 7133 40659 65021 87947 43261 27296 57330 1291 17937 54277 30612 49891 76031 91731 85786 64138 21070 57694 82588 81565 77112 27047 92150 34575 78760 2322 15881 77616 1930 36635 40042 87309 24033 58992 21739 59522 85639 61573 66187 7225 89109 65543 48572 88285 32208 98483 76663 97026 81748 22344 54680 66155 81597 68392 92870 7519 67577 17462 65507 67755 47129 7307 9452 67571 26857 21008 27860 70593 67010 47866 33659 42385 95174 97131 34899 10934 94622 89849 3041 92163 71678 41850 47481 48039 56466 35715 70960 8323 18253 69757 77820 27675 71782 22684 48607 30287 22789 99705 89231 15629 51323 
583 160
23101 68692 31618 59137 75160 3157 31291 11678 17709 90929 95436 7875 81869 75939 30264 10948 16760 56478 72829 7937 60602 97675 23574 80494 87306 3791 80560 36400 31577 66802 98899 62125 2177 21461 53170 17221 55334 79125 78721 66512 59888 99468 5145 38236 80062 18643 8845 65062 68896 77797 3799 31789 21721 3379 93116 92527 96752 77704 76743 23548 34562 54590 1069 90834 37909 66295 17045 53597 13066 18562 17420 44817 9112 57635 70275 43177 48140 93651 5942 65985 42282 79178 2388 11911 63526 48316 64601 56017 86995 18103 75956 39794 50930 10632 65117 87451 63935 79258 77465 89402 30051 77979 26529 95128 74747 94214 9966 11219 71519 23520 16212 78238 38927 5037 31712 92015 6567 5041 57810 81155 39826 10262 98934 60486 34000 9169 76275 26049 68817 89610 16537 81216 45261 2549 79874 70146 5108 91038 80769 31107 44366 91936 77602 86824 96179 36525 26624 44954 95841 41665 50467 76388 17447 8847 31987 1807 45769 20028 58296 73367 
434 312
39404 20221 552 56980 33939 23967 30964 39860 45491 65036 14221 41327 81509 23843 38702 73352 93946 73217 73545 9070 7937 49576 96466 82090 57593 94308 70021 9530 58706 60088 17685 15006 90380 94991 95269 53170 35969 9513 74085 45942 81626 75619 62042 550 83537 77485 59356 81458 69856 2325 59437 87540 40416 88426 95683 21137 29484 21773 37164 1851 42016 93810 87009 36875 17159 19901 84843 64738 30437 4659 28695 54879 1225 34237 79709 13036 98732 57190 73384 71552 45369 29991 29345 24467 16681 1821 60565 73286 88032 87651 78071 85263 38594 53370 39863 57572 10632 67810 63982 72215 3661 61512 97733 17927 94948 29307 75313 17424 46078 49313 41287 43814 69785 41509 20635 64553 83076 2188 26600 23168 97758 60717 12648 23676 75372 86697 252 11988 32778 27999 32239 28030 78746 45441 96345 83929 79810 74675 45962 42269 23029 17325 3687 49443 27361 37286 34823 98246 81577 26593 62981 76394 83009 5116 18293 99150 17998 38834 25944 48455 76196 19804 94730 70890 61767 72766 91403 6851 46844 76381 56047 54535 22509 21902 30224 15702 3731 93214 14756 58856 91817 70293 49257 30373 24428 39905 50016 80389 7819 44970 86353 63399 26699 33371 85864 90671 80877 56729 6441 92866 3339 15993 92603 38616 13520 96287 35441 7411 48548 19210 94287 84462 80803 15352 12129 99272 75628 61530 94638 16503 92248 97068 1379 39734 28719 25975 34658 42206 96955 26157 82972 46529 5115 21675 83166 13722 92193 41740 32186 29993 26302 51988 27667 9818 80166 31934 62794 71459 95907 74507 87998 50409 60952 22756 20134 84054 68943 66939 8095 72747 49095 36363 31166 42063 9418 6803 71846 3321 89853 94620 51431 99924 21321 60438 60684 62250 69138 30764 9135 83284 13555 74521 98257 442 30103 45796 65864 24633 7358 92870 59941 51496 14299 66925 94992 23530 54217 44467 99769 3861 92541 79474 67624 67705 88963 67719 45414 16670 48301 38582 53659 14401 
888 150
6670 26227 2198 27888 63550 59830 85615 87404 37992 73554 66469 47627 63606 56446 35334 43172 14945 50867 3294 60544 66431 77505 74820 23907 42993 95417 61405 46060 6092 64057 12212 96263 45298 9530 70499 52713 38132 56821 69502 16256 93671 11181 70555 49379 30750 11384 29042 58517 366 70896 50003 82447 84216 44377 94785 10163 1741 71335 44895 78612 22111 31643 88739 2301 9402 9685 99596 59259 28391 69746 21132 99663 56394 25186 30679 87970 96193 75300 34801 71172 88421 49135 66782 41057 42836 49165 77783 73309 36505 41895 70746 9112 27140 62991 12555 94181 95470 29513 49196 88028 43903 88512 4792 65766 78759 86668 93525 53009 40721 48909 13667 36627 42913 9860 78238 36934 95672 24636 18448 38429 79415 78514 28024 71853 42815 63102 24533 63007 62352 42531 85113 24783 71728 48037 49349 77145 29995 2796 40660 16537 57639 70062 91506 63823 71367 1903 82817 8871 1950 77441 
467 144
73120 33393 71462 61013 24983 19924 61995 32338 15611 2310 48977 13601 80016 12840 74506 7879 38144 59957 36278 39007 49319 37544 80393 7210 50268 87523 35136 86623 52361 7491 54197 62457 25772 25034 11108 88170 77125 564 76598 64449 50500 80932 3032 98147 79280 30225 56714 44684 40671 20494 13888 23457 35886 89061 33652 42114 24676 64752 58661 93825 68551 97331 29578 32669 27887 10809 6846 76749 50730 13459 31047 93110 7191 18949 62239 70726 87251 43493 29638 57570 70751 44321 77783 68706 64427 47067 51788 48792 93741 21148 74673 64572 59714 84792 57177 3040 80424 46400 6072 4325 50043 40513 83957 76355 47293 78514 12507 63102 25491 68523 8471 52510 11482 7571 51520 96846 95183 24940 24782 33891 29995 95717 73558 70680 57863 10848 95830 46482 40604 55337 94932 57462 3313 49601 32434 26404 72571 22254 95910 69763 53060 47182 48850 543 
205 141
50583 27332 90949 75062 50311 23999 99207 54977 27717 27680 39629 82273 11199 26432 37665 30000 65972 87038 25881 49689 57593 16635 37244 81020 57024 87738 89312 10086 59299 92844 3283 683 1922 47294 85204 80560 96374 2222 65853 78965 87257 44839 37018 31696 89563 64752 76356 98824 9143 84373 91117 22592 88415 73562 38102 6832 3019 5152 71762 39535 79605 19530 18040 10888 25994 97713 16027 45068 29525 98772 5858 32443 66135 13741 25603 88811 42970 25230 17244 18758 41019 76748 30235 77816 37324 55747 25980 3137 32870 26040 4922 96822 49397 35137 60526 44202 68669 27336 89449 67934 79944 90470 55773 6727 58238 27150 30867 28910 67394 98628 96846 96566 37366 29555 12323 56299 16310 80234 90527 46925 66432 51052 44999 91618 69748 92061 81526 80750 71868 6807 54531 78478 53377 24416 87092 12171 18240 50170 72166 48454 62656 
555 139
27073 28567 49808 13786 292 45506 1395 62157 48567 32338 42480 1859 6316 8937 81449 55925 8272 10948 75284 40648 1603 17670 52563 2425 88143 29647 87305 19132 98943 58547 21369 70499 11675 80533 71394 80751 42802 2222 29698 25336 18400 30491 96721 83039 80737 54106 56714 50208 20104 31114 62932 85706 19343 38506 79890 24905 93620 69374 22592 76374 29984 13967 89144 68180 94750 75887 79610 92999 81441 78697 43458 48713 12950 62239 71654 23796 1774 94347 48895 38487 61212 71552 99038 78855 11952 11687 65101 41329 5561 51281 12734 75792 53370 77010 44317 27872 97951 19899 66050 42857 65310 18650 85953 21127 3182 39669 10302 6149 60830 8899 22406 81036 73164 92161 35176 70480 28684 58267 15202 95086 18595 93153 22010 96085 25319 35065 92137 1424 11069 42305 44065 5108 59904 5585 19727 85662 38541 72605 84657 
182 262
43202 31754 20221 47492 84019 96092 18920 2533 63509 88137 90681 12166 81076 13418 88657 75368 54016 17136 43478 9478 28051 67250 72864 29601 33983 26061 56642 74298 30491 14146 3633 13925 5223 13664 46467 59545 91603 24048 20243 73610 26677 71403 73642 9467 73582 70410 87545 29499 37416 43392 8093 64234 14734 40475 1594 60143 74237 30114 86856 25001 96514 37727 83930 77154 51610 17045 34495 81933 15299 23957 62760 47623 80890 59169 80811 62585 8438 86527 64423 38650 29674 94889 18508 82456 65939 68749 3316 3601 38471 59454 46859 37305 29116 75472 73915 39172 53540 88480 37318 48818 63481 96260 76965 62955 60389 43 76802 60706 59565 90944 43744 13102 2220 26733 40222 87397 67645 26001 27973 90892 51504 44952 32877 91506 91979 90869 97467 31768 5866 71868 19602 69678 44553 92812 70733 31596 87092 66470 26624 91719 61449 21359 75318 68290 33325 13550 53623 14244 22604 6077 68860 86548 298 91817 36742 48554 15440 89462 22307 33896 49387 78856 50834 12165 74771 46866 42157 1646 69736 52968 96625 65702 94878 57853 9895 88332 48721 91459 46571 64207 90227 76037 68297 34546 49076 99846 53930 59921 44783 27158 99899 45019 25900 12201 45422 85841 31534 28719 8873 60722 40158 34709 59377 68702 80094 67835 92485 94462 31297 93820 86699 79562 65737 77639 44824 97614 53868 23149 13301 78959 18840 31341 24768 13704 35521 23579 97242 17746 38131 6430 35306 33796 74105 79 93814 14385 76376 22541 79064 19104 43617 82005 89758 64285 26958 31683 24740 23577 13067 39885 42982 58749 83942 54111 99603 55017 21329 79742 65407 90188 86855 23424 
602 260
15550 23967 79903 69364 63011 33121 56764 17387 87189 30097 75429 12166 90748 85484 14932 36501 75939 30426 46139 73950 77427 97434 88461 2233 65637 94172 93832 84684 61389 69677 67152 23417 17610 17583 90624 63771 43991 53812 15858 2260 35969 12549 88856 54700 10745 4872 59356 88739 84258 36168 62860 98352 51871 1482 54410 56331 42378 20347 75515 94920 53923 43645 79835 96765 59266 93225 4179 27816 6387 39709 11215 3788 21673 21240 94426 24072 43331 73206 50611 6074 26052 45824 41607 51658 71998 30318 64194 88512 30370 445 7842 96138 77416 83262 87651 21197 90433 77513 23413 71518 59000 27285 78680 62851 81286 37305 34878 51856 37805 48377 77360 95251 84370 75527 13815 79191 87183 43859 88926 60800 98340 20301 68169 24819 34288 43277 65747 28556 70857 37733 50120 86161 18259 71367 11370 47178 93101 73109 89008 99150 14429 25010 27573 88371 70890 12171 754 27957 19808 18890 35234 6077 13262 48892 42259 88753 91696 58980 94369 76400 22939 26320 88273 75468 3130 83568 27854 44376 58333 5342 49738 48813 59051 85096 16390 79826 59706 56487 28297 39402 48210 19999 13735 83339 91207 77060 94066 84010 457 85524 94695 52666 52402 93260 64892 28339 20639 63478 1194 73508 12293 62810 61462 10126 57686 5609 11490 92634 39292 8237 86615 85206 26929 37015 64336 61781 64494 31341 79934 55724 61810 66772 10423 77609 83151 36854 33625 18701 33634 38155 75555 32916 43037 96204 15749 96635 97897 4098 30768 82293 55241 29293 41369 81764 33788 18071 74420 70710 9967 99371 42035 53853 23113 43972 8253 42303 9248 1504 49152 47827 
955 124
26101 50808 95675 79903 53080 99878 67080 52301 68039 87691 65989 16770 8427 86350 76912 36696 96373 75284 37492 96197 83558 6145 34933 17136 36675 47628 7498 31066 25844 98366 16737 62088 29788 56514 13307 82319 74143 49561 77893 43075 90023 40134 55789 17154 92141 34941 61872 64084 23815 25329 19801 19401 49418 73456 17290 29534 22464 43733 13753 72298 9407 6931 29799 62671 37023 19917 74541 58850 15115 96752 24655 66533 29866 43746 37701 8710 14309 40798 51582 74194 84261 34831 21735 60628 920 85260 62868 7997 58254 53644 62213 79998 43410 93070 81127 74251 65724 70214 91992 68535 94889 40121 12932 78071 87822 33338 86668 84792 41176 32870 19650 84496 45876 56016 42913 74244 86386 53001 22605 47427 57681 6326 16957 1927 
277 114
24983 92981 26101 99787 95150 95753 58155 12382 42345 14945 80708 97701 57082 51049 58755 26668 22947 98212 21129 23843 20565 80219 9305 72959 30135 85770 65972 82521 49576 41440 58547 18028 77367 92338 67923 34459 95140 47408 19100 91453 80762 49626 27234 26242 9513 10357 71323 85931 366 44684 45942 8655 91163 532 31404 85411 58290 60922 36807 31789 76296 81570 97311 57079 24655 70907 68961 80014 89860 4916 48789 71376 51138 59667 51766 27026 47339 6074 15093 6590 46546 42794 87584 60283 97429 20720 24020 82593 58727 97668 68928 60041 87007 84588 14158 69116 57902 12829 78668 26708 47910 94214 45603 62333 87244 53803 78723 74144 73182 9006 60263 15664 84522 33839 
696 214
19734 39164 91050 86647 38260 79260 7875 58755 95436 130 89278 28920 12319 36602 99410 51874 29212 85057 49689 54016 77170 76112 13654 8592 80804 38894 47915 46499 14512 18003 75844 25651 56178 52238 84819 89887 22182 97033 7999 90620 19937 27465 26542 34176 90247 14977 2325 26301 34183 8304 17712 66142 28921 9685 53489 95792 36925 37943 76193 77672 27248 34801 93801 30240 84843 50987 39709 58318 32737 3868 29563 20736 80323 28141 41180 69111 85668 27026 84505 9617 66348 39478 84875 48424 47226 28236 35889 69516 55327 26904 72030 59623 72411 84313 75956 32978 20017 95776 90294 64448 84504 77094 9752 4093 71412 47661 72106 85881 68565 54871 66513 94410 97976 80314 52003 87591 1843 93812 94606 8957 59029 27456 71150 53094 96345 10232 46697 25483 97851 74675 60091 56261 6900 74040 80170 96219 61557 5062 86161 50665 6904 64343 88331 59140 57895 68663 84282 11730 24576 92302 48725 44806 33801 47877 70549 45495 23633 59856 62275 26504 56034 82665 50247 88753 31765 27985 32992 93019 79273 45831 71034 29084 65604 32655 44986 43861 72232 91269 13493 90185 29496 67829 83722 39791 19176 2047 17861 49655 85663 49134 16776 95346 39348 53875 24135 51723 20975 32800 45311 70789 7568 43938 23152 57063 30666 16290 43996 549 1473 41742 23769 97901 76879 68829 
269 202
23967 77705 71187 45425 75951 94549 77393 31033 85283 92022 38702 29000 98776 60881 46499 96097 47330 31066 94051 89559 38372 52734 2319 44080 20925 53314 89562 5506 88852 73734 20059 85142 76693 78032 21557 30243 61999 13178 78068 32574 25678 755 72134 92675 37137 71671 35016 44707 66345 43642 20990 97743 76743 33894 9404 51647 78399 1225 70032 13678 27748 21502 97429 9408 40713 32694 58748 45174 62798 47623 67517 6180 78271 89986 75997 79400 21982 31085 48329 69141 34565 75559 36542 75716 25980 86188 75712 80651 16769 13160 60526 14317 29326 30260 36553 84420 56370 60717 84751 81436 33194 88401 66863 14259 32089 22030 74605 63033 95652 78603 96566 88399 58666 7525 40496 27830 37241 81318 90527 99679 61226 87525 94570 11667 24681 16628 70335 26088 93506 46391 16667 49216 1807 12575 53272 17533 82665 40200 31069 21496 67733 20969 59909 78256 83915 64076 57564 39935 42577 80591 60317 28554 27102 59622 77537 59732 78761 43919 65702 79928 82529 80904 26545 67837 99290 28979 57932 32940 8841 43434 19946 69630 23365 6685 94777 15352 61651 2956 23163 40543 60447 54431 45388 50138 54348 23902 2720 20024 94206 42472 49422 8891 2915 20885 18748 23094 52696 68846 41796 81589 43921 69080 
28 184
94988 89912 3247 29589 54977 97677 2400 18920 50221 71187 18683 82336 16770 30264 65789 8932 29901 17594 92264 97963 24411 92459 46587 64667 50268 43862 46499 30515 85889 86964 72902 13201 84312 21500 87780 20486 7734 81330 17584 30750 956 99507 47959 44903 41067 29042 69324 44455 50307 75419 40733 96444 64697 91492 48660 29888 44211 23815 92839 58542 24905 2300 71675 52613 97254 4492 38361 20067 25581 76986 93225 82835 93801 60730 92099 69448 77704 14453 39064 41598 71654 70751 13678 2974 72410 35580 17244 98724 65445 22546 86920 21568 14444 15545 90531 5464 3148 62938 26976 23923 92089 32498 2639 40754 40121 38928 34358 4757 50693 45152 8276 67651 7096 72215 84172 83270 79080 2683 31720 23348 34931 2351 91859 64553 11271 25945 60389 68409 80153 75813 66046 33259 60486 88215 17265 67645 32127 63485 50588 14071 10958 86294 54052 36801 12172 31768 71868 39462 22254 58897 69763 93599 33401 36814 91719 97521 26517 45771 92609 76381 91867 46399 34102 20894 25155 42693 6304 63678 26956 70002 50957 670 5859 24881 11371 81040 7252 9017 61784 13093 46392 63708 50253 23864 

